5.488135039273247529e+00 1.914168703858075915e+00
7.151893663724194994e+00 3.571835224847241808e+00
6.027633760716438971e+00 3.205766438423899523e+00
5.448831829968968421e+00 2.323774852836848481e+00
4.236547993389047306e+00 2.052197289483062903e+00
6.458941130666561392e+00 4.114510379128987871e+00
4.375872112626924881e+00 2.595753535836137438e+00
8.917730007820797056e+00 1.094959584733919300e+01
9.636627605010293252e+00 1.324437225296442122e+01
3.834415188257777274e+00 4.352449281580635265e+00
7.917250380826645895e+00 8.861814097620881014e+00
5.288949197529044355e+00 1.509903790623190689e+00
5.680445610939322876e+00 3.176776835732953330e+00
9.255966382926610336e+00 1.107334789698722943e+01
7.103605819788694209e-01 1.427821267405568362e+00
8.712929970154070780e-01 2.188863329996197038e+00
2.021839744032571939e-01 3.650166587838905574e-01
8.326198455479380200e+00 9.142570493499976081e+00
7.781567509498504620e+00 6.104269118500970315e+00
8.700121482468190948e+00 1.116868771301983898e+01
9.786183422327640713e+00 1.320964387438674059e+01
7.991585642167235548e+00 6.435516236637674581e+00
4.614793622529318462e+00 4.710109442635308952e+00
7.805291762864554173e+00 9.244196477106337184e+00
1.182744258689332195e+00 4.764454551439419205e+00
6.399210213275238424e+00 3.365541330535419373e+00
1.433532874090464038e+00 3.070738480109953095e+00
9.446689170495838894e+00 1.322229526462597704e+01
5.218483217500716975e+00 2.362913833020586996e+00
4.146619399905235426e+00 5.024363650656496816e+00
2.645556121046269915e+00 5.476419346012916911e+00
7.742336894342166431e+00 8.116006841091774504e+00
4.561503322165485486e+00 3.637327730277837734e+00
5.684339488686484643e+00 3.482637280653198886e+00
1.878980043635514185e-01 6.395170526116382703e-01
6.176354970758771046e+00 4.990956548113134161e+00
6.120957227224214314e+00 3.261396523312352969e+00
6.169339968747569181e+00 3.597823464357054579e+00
9.437480785146242113e+00 1.403258000416354179e+01
6.818202991034834071e+00 3.068850103831821663e+00
3.595079005737860101e+00 3.262665367603286626e+00
4.370319537993414549e+00 4.479421288033620385e+00
6.976311959272648799e+00 3.642771405001261176e+00
6.022547162926983333e-01 3.912578779981639165e+00
6.667667154456676570e+00 3.657151436225386743e+00
6.706378696181594101e+00 3.408888323863391356e+00
2.103825610738408791e+00 7.016798918451229383e+00
1.289262976548533057e+00 5.314389029813773924e+00
3.154283509241838424e+00 6.871187790271378049e+00
3.637107709426226076e+00 5.386667729290020468e+00
5.701967704178796836e+00 1.922553420631935683e+00
4.386015134623203693e+00 5.400422717227746361e+00
9.883738380592262729e+00 1.260323696760726442e+01
1.020448107480280697e+00 3.978018027604272699e+00
2.088767560948347146e+00 6.028731607352586508e+00
1.613095178849962563e+00 4.320638217994739350e+00
6.531083254653983872e+00 4.402374168392151788e+00
2.532916025397820903e+00 6.196158850008713692e+00
4.663107728563062437e+00 3.546801209674620203e+00
2.444255920016027428e+00 4.164084886309350253e+00
1.589695836455197187e+00 4.733507704274234840e+00
1.103751411643051350e+00 4.717085802525101457e+00
6.563295894652734219e+00 3.157562471965055906e+00
1.381829513486138028e+00 3.885506225884040266e+00
1.965823616800534968e+00 4.529589384996962842e+00
3.687251706609640856e+00 6.266023455911636120e+00
8.209932298479351687e+00 9.374630241329279912e+00
9.710127579306127021e-01 3.450954281374801980e+00
8.379449074988038149e+00 8.490413191712644192e+00
9.609840789396306704e-01 3.555564220442436696e+00
9.764594650133957998e+00 1.203913311933032837e+01
4.686512016477015763e+00 3.178031496714686099e+00
9.767610881903371123e+00 1.208193414441917746e+01
6.048455197450460119e+00 3.727060690051541947e+00
7.392635793983016512e+00 6.591817677181914803e+00
3.918779225432067470e-01 1.092410858393268791e+00
2.828069625764095818e+00 5.611666052515339231e+00
1.201965612131689065e+00 2.538674441008101024e+00
2.961401975221449323e+00 3.654787657037275928e+00
1.187277189542440547e+00 4.035978715291479446e+00
